current1,current2,nonqs,edge_iota,force1,force2
-19131.75344364176,-58994.483925314606,0.06378341985148954,0.3190816463011147,1364.9571555950358,4831.830842859126
-19507.45010388646,-58489.29041851076,0.06083017570433642,0.3155597622394675,1390.7869624901768,4795.722692752538
-19883.187402786374,-57986.74581114891,0.057961181230339096,0.3121458616483268,1416.7019098044536,4759.967070516973
-20258.969041765493,-57486.80158682903,0.0551882693196943,0.30885699277834017,1442.7080613862,4724.551967405729
-20634.799102316847,-56989.40344735772,0.05251625146730609,0.30566746286183355,1468.81132620991,4689.4647705308125
-21010.682060611343,-56494.49110464611,0.04994421303531893,0.30254048473924966,1495.0174483648395,4654.692244220497
-21386.622800274305,-56001.99810084918,0.047468208176488655,0.2994435213275422,1521.3319974520507,4620.220514891034
-21762.62662307926,-55511.85166031547,0.04508318998798935,0.29635298618199274,1548.6713751751322,4586.03505981017
-22138.69925733212,-55023.97257682424,0.04278405066493878,0.2932545593204609,1576.4321849223431,4552.120700118416
-22514.846863751023,-54538.27513941611,0.04056610804372577,0.2901420861945757,1604.3404518283453,4518.461598453611
-22891.07603869043,-54054.66709987034,0.038425307375520905,0.28701609242226606,1632.4001168416382,4485.04126149477
-23267.393814608622,-53573.049684539496,0.036358284487522895,0.2838821533182659,1660.6149197389109,4451.842547701544
-23643.807657739653,-53093.3176528244,0.03436235320183313,0.2807491200368351,1688.9883944963642,4418.847680476621
-24020.325462997913,-52615.3594040562,0.03243543681070682,0.27762724911185105,1717.5238657122482,4386.038266919124
-24396.95554622079,-52139.05713395851,0.030575951935259783,0.27452644322069497,1746.2244461817406,4353.395322269602
-24773.706633933853,-51664.28704119094,0.02878266179428324,0.27145491000109867,1775.0930357191776,4320.899300070357
-25150.587850908458,-51190.91958374659,0.027054527634528838,0.26841846475616377,1804.1323213150267,4288.530127982145
-25527.608705864946,-50718.81978419379,0.02539058733089307,0.2654204853540033,1833.3447787050586,4258.514759425737
-25904.779075758368,-50247.84758194347,0.02378987743281073,0.26246232726519775,1862.7326754176654,4229.52451103671
-26282.109189159593,-49777.85822990015,0.02225139850301249,0.2595439340065157,1892.2980753516463,4200.557749671914
-26659.609609312556,-49308.70273204577,0.020774112642237337,0.25666442754415564,1922.0428449216117,4171.592470990919
-27037.291217496513,-48840.228317734516,0.01935695915573298,0.2538225628957826,1951.9686607907515,4142.606382876539
-27415.165197341434,-48372.27894778325,0.017998876806642816,0.2510170189956954,1982.0770191910008,4113.576965075029
-27793.2430207065,-47904.69584687294,0.01669882541952486,0.24824654946728852,2012.3692468066279,4084.4815316776217
-28171.536435586666,-47437.31805641632,0.01545580344098104,0.24551003555261586,2042.8465131654102,4055.2972957640386
-28550.057456151695,-46969.98300204213,0.014268860625758644,0.2428064819351444,2073.509844433048,4026.001435503814
-28928.818354234798,-46502.52707048093,0.013137106363765196,0.24013498621203044,2104.9674458684663,3996.5711610346257
-29307.831649937667,-46034.786192458436,0.012059714668143689,0.2374947015552869,2136.932646878036,3966.9837815449264
-29687.110095660173,-45566.59643228757,0.011035926877728803,0.2348848029589782,2169.0874591049273,3937.216772255409
-30066.666641149342,-45097.79459327346,0.010065052955505015,0.23230446126782864,2201.4317874221256,3907.2478415625797
-30446.514353974293,-44628.218864764116,0.009146472046728086,0.2297528256112063,2233.9654614242245,3877.054999753307
-30826.666244355292,-44157.7095691012,0.008279632776006894,0.22722901324447048,2266.6882372094246,3846.616632942312
-31207.134894881572,-43686.11012847095,0.007464053644551651,0.22473210548927838,2299.599781935126,3815.911590194345
-31587.931705291256,-43213.26848730069,0.006699323845571297,0.22226114904023486,2332.699623887224,3784.9192999386773
-31969.065396676113,-42739.03943889101,0.005985104844314067,0.2198151632050647,2365.987035693115,3753.619946937427
-32350.539120517442,-42263.28869092504,0.005321133156139157,0.21739315578950777,2399.460790912868,3721.9947688070197
-32732.344988414767,-41785.90019184829,0.00470722486686047,0.21499415376864964,2433.118685447391,3690.02658102453
-33114.45391696748,-41306.78944323935,0.004143282490994268,0.2126172604725448,2466.95662983139,3657.7007277214225
-33496.797107401726,-40825.927592778105,0.003629304567152859,0.21026176011931094,2500.966971766672,3625.00680928427
-33879.232834944254,-40343.38460064756,0.0031653975630834994,0.20792730586012206,2535.1354605631454,3591.941800550188
-34261.487857687054,-39859.4055853791,0.0027517874544242204,0.20561425187994936,2569.435854182183,3558.5156148625006
-34643.05566356827,-39374.54396017281,0.002388823449211268,0.20332423060008017,2603.8204987182903,3524.7608986334453
-35023.02240947559,-38889.89029353482,0.002076956582415195,0.20106114031142183,2638.2041304819095,3490.750027578096
-35399.77334873702,-38407.4602803751,0.0018166581899656889,0.19883281186601606,2672.4364303667026,3456.6241815197595
-35770.50383634317,-37930.844131850106,0.0016082140423122643,0.19665378878952006,2706.2561238514104,3422.642413253213
-36130.41262879631,-37466.28231668161,0.001451288012038388,0.19454992591716797,2739.2150157023325,3389.263484430744
-36471.37728167374,-37024.43658356135,0.0013441051431498181,0.19256597043593437,2770.5530182878797,3357.2811575578958
-36779.77134084168,-36623.30840286262,0.0012821081454029875,0.19077811540254414,2798.992262371748,3328.0471082521353
-37032.806537630284,-36293.10878561578,0.0012561662639809456,0.18931513572364847,2822.3933241307263,3303.840267573745
-37192.17717191793,-36084.63230042239,0.0012514148652295375,0.18839524471393668,2837.16295102236,3288.4909387244434
-37192.177171917945,-36084.6323004224,0.001251414865229537,0.18839524471393668,2837.162951022362,3288.4909387244466
-37349.40881755194,-35878.567664567876,0.001255539691866189,0.1874886995106809,2851.7576017374054,3273.269066861984
-37594.87434583878,-35556.09167144839,0.0012795538317021207,0.18607506720387312,2874.5883938236843,3249.3481256920327
-37889.45530794641,-35167.833044083454,0.0013368194582611115,0.18438051132200053,2902.061280414055,3220.38627669046
-38211.3341471824,-34742.008761151264,0.0014351415578095674,0.18253020746433368,2932.1717837059377,3188.420480525809
-38548.38119327962,-34294.32235897281,0.0015784731272218942,0.1805926925426353,2963.803604989194,3154.5870459062617
-38893.83215718436,-33833.548597811096,0.0017686836816858367,0.17860515810671765,2996.3325190142755,3120.2487757806293
-39243.889429866955,-33364.62676145796,0.002006659380956593,0.17658748312718348,3029.4068557321557,3086.1289903194433
-39596.40135215618,-32890.364579998,0.0022928820876260353,0.17454994116971717,3062.8265446907585,3051.316606831586
-39950.13500773682,-32412.37802033906,0.0026277061256738273,0.17249743005256216,3096.476393656888,3015.9234575316555
-40304.37411159543,-31931.61218450291,0.0030114794334049877,0.1704318037398627,3130.2891048851875,2980.015377281748
-40658.69519380437,-31448.632029516175,0.00344459022192475,0.1683531689134099,3164.2246324044418,2943.6320283296895
-41012.84203700219,-30963.78591887382,0.003927480101981087,0.16626061535911005,3198.2585660890586,2906.7981330818097
-41366.65462354768,-30477.29841733508,0.004460643141847345,0.16415263629996613,3232.3755369068977,2869.529893730511
-41720.02855949354,-29989.32340202177,0.005044619566217915,0.16202737985105578,3266.5654372775407,2831.838693134249
-42072.89168063039,-29499.974729557245,0.005679987671542682,0.15988281073277613,3300.821232931745,2793.7332469169623
-42425.19042865362,-29009.34410084399,0.006367355179234848,0.157716827930088,3335.1376822250504,2755.2208658218356
-42776.88183093766,-28517.511561195297,0.007107350213660081,0.15552736609227696,3369.510577307733,2716.3082027484425
-43127.928721747194,-28024.551729119383,0.007900611653605633,0.1533124991393129,3403.9362879289874,2677.001699061088
-43478.29685406369,-27530.53752877591,0.008747778414793005,0.15107055999951483,3438.411482162364,2637.3078542286576
-43827.953122812294,-27035.542453578117,0.009649477111272835,0.14880028855343158,3472.9329513335533,2597.233391148663
-44176.86444607484,-26539.64196090141,0.0106063074393728,0.14650101943197755,3507.4974967180287,2556.7853597230255
-44524.997038135,-26042.914351290234,0.011618824501443128,0.14417292134087878,3542.1018530295214,2515.9712039503675
-44872.31591674233,-25545.441342143902,0.012687517146153484,0.1418172989753601,3576.7426338627497,2474.7988076641645
-45218.78455041475,-25047.308461748933,0.01381278130021869,0.13943696574914202,3611.4162901957693,2433.276528059461
-45564.36458898034,-24548.605339780814,0.014994887326551385,0.137036687927052,3646.1190765671295,2391.4132225858375
-45909.01564276731,-24049.425940734345,0.01623394090033696,0.13462368440748915,3680.8470216327137,2349.218272643954
-46252.69508915366,-23549.868768904063,0.017529838129600264,0.13220813619499677,3715.595901061228,2306.701606227251
-46595.35789322463,-23050.037062718715,0.01888221816817661,0.1298036108062175,3750.3612114862826,2263.873720859515
-46936.95643418257,-22550.038989612534,0.020290420804510555,0.12742724021738874,3785.138144696062,2220.745707691615
-47277.440332168175,-22049.987848521167,0.02175346224076167,0.1250994227111349,3819.9215615269145,2177.3292773171293
-47616.7562720309,-21550.002284524595,0.0232700476667115,0.12284279289473339,3854.705965105465,2133.6367876747768
-47954.84782177508,-21050.206518522325,0.024838640046293298,0.12068029129786638,3889.4854731967607,2089.681274281586
-48291.65524418154,-20550.730593752916,0.026457595238457872,0.11863242461061198,3924.2537894899083,2045.476482957967
-48627.11530062567,-20051.710640236386,0.02812535202350393,0.1167142015140406,3959.0041737031884,2001.0369051474763
-48961.16104648503,-19553.28915768391,0.029840639198526902,0.11493255752917142,3993.7294104273474,1956.3778158894681
-49293.721617817355,-19055.615316996023,0.031602647142976774,0.11328507429342946,4028.4217766554298,1911.5153144652131
-49624.722009236815,-18558.845280100428,0.03341112126123292,0.11176036206412192,4063.0730079739824,1866.4663677028025
-49954.08284314549,-18063.142537524196,0.0352663650918321,0.11033984754626809,4097.674263416324,1821.2488558898435
-50281.72013071463,-17568.678262725447,0.037169172034973594,0.109000277178933,4132.216089006579,1775.8816212033623
-50607.545025262065,-17075.63168180506,0.03912071953800207,0.1077162034661582,4166.688380053759,1730.384518521133
-50931.463568958316,-16584.190456763725,0.04112245606090015,0.10646196708779895,4201.080342291045,1684.7784684265148
-51253.37643411473,-16094.551079948596,0.043175998117347916,0.10521299563330391,4235.380451996198,1639.085512157829
-51573.17866067917,-15606.919276735056,0.045283041587412365,0.1039464571176902,4269.576415277253,1593.3288681821493
-51890.75939198862,-15121.510412800142,0.047445282607846834,0.10264139879850788,4303.655126763123,1547.532989990466
-52206.001611315405,-14638.54990155424,0.049664338654852085,0.10127850302702562,4337.602628003233,1501.7236246151235
-52518.78188229944,-14158.27360639689,0.05194165790952819,0.09983954433087842,4371.404065954474,1455.9278712599423
-52828.970096987294,-13680.928231441505,0.05427840246843929,0.09830655878727425,4405.0436520183775,1410.1742393071654
-53136.42923590776,-13206.771693205803,0.05667528600574742,0.09666063094429901,4438.504622187516,1364.4927048223335
-53441.01514540242,-12736.073464484682,0.05913233499848766,0.09488002021813262,4471.769198967916,1318.9147645175362
